## Graphing topics and quality

                        question_id  question_score  view_count  answer_count  question_comment_count  answer_id  answer_score  answer_comment_count   quality  main_topic  temp
question_id                1.000000       -0.123807   -0.229096     -0.153937                0.016953   0.946100     -0.141747              0.074882  0.198500    0.094952   NaN
question_score            -0.123807        1.000000    0.595801      0.417488                0.135209  -0.072527      0.603227              0.037856  0.091026    0.080492   NaN
view_count                -0.229096        0.595801    1.000000      0.485555                0.072767  -0.145299      0.393261             -0.018125 -0.095545    0.075454   NaN
answer_count              -0.153937        0.417488    0.485555      1.000000                0.098897  -0.091725      0.168239             -0.046540 -0.077802    0.084851   NaN
question_comment_count     0.016953        0.135209    0.072767      0.098897                1.000000   0.022865      0.035694              0.030267 -0.020999    0.048467   NaN
answer_id                  0.946100       -0.072527   -0.145299     -0.091725                0.022865   1.000000     -0.148236              0.033383  0.176443    0.096097   NaN
answer_score              -0.141747        0.603227    0.393261      0.168239                0.035694  -0.148236      1.000000              0.125533  0.164467    0.029461   NaN
answer_comment_count       0.074882        0.037856   -0.018125     -0.046540                0.030267   0.033383      0.125533              1.000000  0.031982    0.031564   NaN
quality                    0.198500        0.091026   -0.095545     -0.077802               -0.020999   0.176443      0.164467              0.031982  1.000000   -0.011667   NaN
main_topic                 0.094952        0.080492    0.075454      0.084851                0.048467   0.096097      0.029461              0.031564 -0.011667    1.000000   NaN
temp                            NaN             NaN         NaN           NaN                     NaN        NaN           NaN                   NaN       NaN         NaN   NaN

main_topic quality
0     0.013805
1     0.011523
2     0.012388
3     0.013035
4     0.013460
5     0.012805
6     0.008836
7     0.013927
8     0.013481
9     0.006724
10    0.011177
11    0.014103
12    0.013614
13    0.000532
14    0.015126
15    0.000000


  explicit_mention
                        question_id  question_score  view_count  answer_count  question_comment_count  answer_id  answer_score  answer_comment_count   quality  main_topic  temp
question_id                1.000000       -0.090994   -0.146836     -0.138068               -0.007702   0.933243     -0.108088              0.054246  0.190675    0.011519   NaN
question_score            -0.090994        1.000000    0.692101      0.684204                0.135863  -0.033802      0.512883              0.076152 -0.006308   -0.089746   NaN
view_count                -0.146836        0.692101    1.000000      0.736829                0.201175  -0.063725      0.346131              0.049550 -0.108598   -0.058687   NaN
answer_count              -0.138068        0.684204    0.736829      1.000000                0.202633  -0.044641      0.247132             -0.011545 -0.109830   -0.025285   NaN
question_comment_count    -0.007702        0.135863    0.201175      0.202633                1.000000   0.013919      0.030042              0.033941 -0.039658    0.024442   NaN
answer_id                  0.933243       -0.033802   -0.063725     -0.044641                0.013919   1.000000     -0.131116              0.001008  0.167723    0.007307   NaN
answer_score              -0.108088        0.512883    0.346131      0.247132                0.030042  -0.131116      1.000000              0.237354  0.036627   -0.050108   NaN
answer_comment_count       0.054246        0.076152    0.049550     -0.011545                0.033941   0.001008      0.237354              1.000000  0.010462   -0.000510   NaN
quality                    0.190675       -0.006308   -0.108598     -0.109830               -0.039658   0.167723      0.036627              0.010462  1.000000   -0.035517   NaN
main_topic                 0.011519       -0.089746   -0.058687     -0.025285                0.024442   0.007307     -0.050108             -0.000510 -0.035517    1.000000   NaN
temp                            NaN             NaN         NaN           NaN                     NaN        NaN           NaN                   NaN       NaN         NaN   NaN
main_topic
0    0.003828
1    0.005014
2    0.002989
3    0.004253
4    0.004166
5    0.002984
6    0.005147
7    0.000823
8    0.000998

## Regression
OOB Score: 0.7563225996848897
Feature: question_score, Score: 0.25916
Feature: answer_count, Score: 0.04938
Feature: answer_score, Score: 0.27518
Feature: question_comment_count, Score: 0.08854
Feature: answer_comment_count, Score: 0.11983
Feature: is_explicit, Score: 0.06033
Feature: topics, Score: 0.14758

