## Graphing topics and quality

 deprecated_libraries
                        question_id  question_score  view_count  answer_count  question_comment_count  answer_id  answer_score  answer_comment_count   quality  main_topic 
question_id                1.000000       -0.241143   -0.365785     -0.208917                0.015363   0.966197     -0.209062              0.094616  0.164292   -0.053610 
question_score            -0.241143        1.000000    0.564991      0.371988                0.115200  -0.183321      0.520654             -0.007930  0.259826    0.023811 
view_count                -0.365785        0.564991    1.000000      0.371158                0.012905  -0.290191      0.453476             -0.011688 -0.095185    0.024339 
answer_count              -0.208917        0.371988    0.371158      1.000000                0.054777  -0.166465      0.189229             -0.025622 -0.070849    0.018068 
question_comment_count     0.015363        0.115200    0.012905      0.054777                1.000000   0.016752      0.025028              0.023469 -0.030063    0.030689 
answer_id                  0.966197       -0.183321   -0.290191     -0.166465                0.016752   1.000000     -0.211103              0.077871  0.155693   -0.047487 
answer_score              -0.209062        0.520654    0.453476      0.189229                0.025028  -0.211103      1.000000              0.109667  0.292949    0.049191 
answer_comment_count       0.094616       -0.007930   -0.011688     -0.025622                0.023469   0.077871      0.109667              1.000000  0.034162    0.030107 
quality                    0.164292        0.259826   -0.095185     -0.070849               -0.030063   0.155693      0.292949              0.034162  1.000000    0.004778 
main_topic                -0.053610        0.023811    0.024339      0.018068                0.030689  -0.047487      0.049191              0.030107  0.004778    1.000000 

main_topic
0     0.015534
1     0.017663
2     0.014978
3     0.014392
4     0.016915
5     0.018311
6     0.018770
7     0.017042
8     0.015670
9     0.015926
10    0.016277
11    0.014428
12    0.014841
13    0.020053
Name: quality, dtype: float64


 explicit_mention
                        question_id  question_score  view_count  answer_count  question_comment_count  answer_id  answer_score  answer_comment_count   quality  main_topic  
question_id                1.000000       -0.090994   -0.146836     -0.138068               -0.007702   0.933243     -0.108088              0.054246  0.190675   -0.060741 
question_score            -0.090994        1.000000    0.692101      0.684204                0.135863  -0.033802      0.512883              0.076152 -0.006308   -0.052881 
view_count                -0.146836        0.692101    1.000000      0.736829                0.201175  -0.063725      0.346131              0.049550 -0.108598   -0.086928 
answer_count              -0.138068        0.684204    0.736829      1.000000                0.202633  -0.044641      0.247132             -0.011545 -0.109830   -0.133596 
question_comment_count    -0.007702        0.135863    0.201175      0.202633                1.000000   0.013919      0.030042              0.033941 -0.039658   -0.017662 
answer_id                  0.933243       -0.033802   -0.063725     -0.044641                0.013919   1.000000     -0.131116              0.001008  0.167723   -0.068495 
answer_score              -0.108088        0.512883    0.346131      0.247132                0.030042  -0.131116      1.000000              0.237354  0.036627    0.030408 
answer_comment_count       0.054246        0.076152    0.049550     -0.011545                0.033941   0.001008      0.237354              1.000000  0.010462    0.085746 
quality                    0.190675       -0.006308   -0.108598     -0.109830               -0.039658   0.167723      0.036627              0.010462  1.000000   -0.008352 
main_topic                -0.060741       -0.052881   -0.086928     -0.133596               -0.017662  -0.068495      0.030408              0.085746 -0.008352    1.000000 


main_topic quality
0     0.004420
1     0.005294
2     0.004043
3     0.003449
4     0.002659
5     0.004111
6     0.003885
7     0.004340
8     0.007589
9     0.005204
10    0.001995
11    0.004109
12    0.000000
Name: quality, dtype: float64

## Regression
0.8491225142802812
Feature: question_score, Score: 0.23451
Feature: answer_count, Score: 0.05262
Feature: answer_score, Score: 0.29658
Feature: question_comment_count, Score: 0.06933
Feature: answer_comment_count, Score: 0.08894
Feature: is_explicit, Score: 0.12716
Feature: topics, Score: 0.13085

